# Blender v2.90.0 OBJ File: ''
# www.blender.org
o Cube.002_Cube.001
v 4.632087 -2.270201 0.524855
v 4.632154 -2.270164 0.724855
v 3.271480 -0.804341 0.525037
v 3.271546 -0.804304 0.725037
v 6.097948 -0.909594 0.524115
v 6.098014 -0.909557 0.724115
v 4.737340 0.556267 0.524297
v 4.737406 0.556304 0.724297
vt 0.375000 0.000000
vt 0.625000 0.000000
vt 0.625000 0.250000
vt 0.375000 0.250000
vt 0.625000 0.500000
vt 0.375000 0.500000
vt 0.625000 0.750000
vt 0.375000 0.750000
vt 0.625000 1.000000
vt 0.375000 1.000000
vt 0.125000 0.500000
vt 0.125000 0.750000
vt 0.875000 0.500000
vt 0.875000 0.750000
vn -0.7329 -0.6803 0.0004
vn -0.6803 0.7329 0.0001
vn 0.7329 0.6803 -0.0004
vn 0.6803 -0.7329 -0.0001
vn -0.0003 -0.0002 -1.0000
vn 0.0003 0.0002 1.0000
s off
f 1/1/1 2/2/1 4/3/1 3/4/1
f 3/4/2 4/3/2 8/5/2 7/6/2
f 7/6/3 8/5/3 6/7/3 5/8/3
f 5/8/4 6/7/4 2/9/4 1/10/4
f 3/11/5 7/6/5 5/8/5 1/12/5
f 8/5/6 4/13/6 2/14/6 6/7/6
o Cube.003_Cube.001
v -1.278340 2.138520 0.723900
v -1.278315 2.138449 0.523900
v 0.257763 0.857744 0.724547
v 0.257788 0.857673 0.524547
v 0.002436 3.674623 0.723512
v 0.002461 3.674552 0.523512
v 1.538540 2.393847 0.724159
v 1.538564 2.393776 0.524159
vt 0.375000 0.000000
vt 0.625000 0.000000
vt 0.625000 0.250000
vt 0.375000 0.250000
vt 0.625000 0.500000
vt 0.375000 0.500000
vt 0.625000 0.750000
vt 0.375000 0.750000
vt 0.625000 1.000000
vt 0.375000 1.000000
vt 0.125000 0.500000
vt 0.125000 0.750000
vt 0.875000 0.500000
vt 0.875000 0.750000
vn -0.6404 -0.7681 0.0002
vn 0.7681 -0.6404 0.0003
vn 0.6404 0.7681 -0.0002
vn -0.7681 0.6404 -0.0003
vn -0.0001 0.0004 1.0000
vn 0.0001 -0.0004 -1.0000
s off
f 9/15/7 10/16/7 12/17/7 11/18/7
f 11/18/8 12/17/8 16/19/8 15/20/8
f 15/20/9 16/19/9 14/21/9 13/22/9
f 13/22/10 14/21/10 10/23/10 9/24/10
f 11/25/11 15/20/11 13/22/11 9/26/11
f 16/19/12 12/27/12 10/28/12 14/21/12
o Cube.004_Cube.001
v 1.372717 -2.290440 0.786083
v 1.399132 -2.288447 0.984321
v 1.236432 -0.295090 0.784185
v 1.262847 -0.293097 0.982423
v 3.350506 -2.155606 0.521187
v 3.376921 -2.153613 0.719425
v 3.214221 -0.160256 0.519289
v 3.240636 -0.158263 0.717527
vt 0.375000 0.000000
vt 0.625000 0.000000
vt 0.625000 0.250000
vt 0.375000 0.250000
vt 0.625000 0.500000
vt 0.375000 0.500000
vt 0.625000 0.750000
vt 0.375000 0.750000
vt 0.625000 1.000000
vt 0.375000 1.000000
vt 0.125000 0.500000
vt 0.125000 0.750000
vt 0.875000 0.500000
vt 0.875000 0.750000
vn -0.9889 -0.0674 0.1324
vn -0.0681 0.9977 -0.0009
vn 0.9889 0.0674 -0.1324
vn 0.0681 -0.9977 0.0010
vn -0.1321 -0.0100 -0.9912
vn 0.1321 0.0100 0.9912
s off
f 17/29/13 18/30/13 20/31/13 19/32/13
f 19/32/14 20/31/14 24/33/14 23/34/14
f 23/34/15 24/33/15 22/35/15 21/36/15
f 21/36/16 22/35/16 18/37/16 17/38/16
f 19/39/17 23/34/17 21/36/17 17/40/17
f 24/33/18 20/41/18 18/42/18 22/35/18
o Cube.005_Cube.001
v -2.577996 0.757860 0.724847
v -2.578018 0.757881 0.524847
v -4.577971 0.747846 0.725065
v -4.577993 0.747868 0.525065
v -2.567983 -1.242115 0.724635
v -2.568005 -1.242094 0.524635
v -4.567958 -1.252128 0.724853
v -4.567980 -1.252107 0.524853
vt 0.375000 0.000000
vt 0.625000 0.000000
vt 0.625000 0.250000
vt 0.375000 0.250000
vt 0.625000 0.500000
vt 0.375000 0.500000
vt 0.625000 0.750000
vt 0.375000 0.750000
vt 0.625000 1.000000
vt 0.375000 1.000000
vt 0.125000 0.500000
vt 0.125000 0.750000
vt 0.875000 0.500000
vt 0.875000 0.750000
vn -0.0050 1.0000 0.0001
vn -1.0000 -0.0050 0.0001
vn 0.0050 -1.0000 -0.0001
vn 1.0000 0.0050 -0.0001
vn 0.0001 -0.0001 1.0000
vn -0.0001 0.0001 -1.0000
s off
f 25/43/19 26/44/19 28/45/19 27/46/19
f 27/46/20 28/45/20 32/47/20 31/48/20
f 31/48/21 32/47/21 30/49/21 29/50/21
f 29/50/22 30/49/22 26/51/22 25/52/22
f 27/53/23 31/48/23 29/50/23 25/54/23
f 32/47/24 28/55/24 26/56/24 30/49/24
o Cube.006_Cube.001
v 3.978358 0.751488 0.924860
v 3.978171 0.751159 0.724860
v 4.140645 2.744889 0.921429
v 4.140458 2.744561 0.721429
v 1.984954 0.913778 0.926461
v 1.984767 0.913449 0.726462
v 2.147241 2.907180 0.923030
v 2.147053 2.906851 0.723031
vt 0.375000 0.000000
vt 0.625000 0.000000
vt 0.625000 0.250000
vt 0.375000 0.250000
vt 0.625000 0.500000
vt 0.375000 0.500000
vt 0.625000 0.750000
vt 0.375000 0.750000
vt 0.625000 1.000000
vt 0.375000 1.000000
vt 0.125000 0.500000
vt 0.125000 0.750000
vt 0.875000 0.500000
vt 0.875000 0.750000
vn 0.9967 -0.0811 -0.0008
vn 0.0811 0.9967 -0.0017
vn -0.9967 0.0811 0.0008
vn -0.0811 -0.9967 0.0017
vn 0.0009 0.0016 1.0000
vn -0.0009 -0.0016 -1.0000
s off
f 33/57/25 34/58/25 36/59/25 35/60/25
f 35/60/26 36/59/26 40/61/26 39/62/26
f 39/62/27 40/61/27 38/63/27 37/64/27
f 37/64/28 38/63/28 34/65/28 33/66/28
f 35/67/29 39/62/29 37/64/29 33/68/29
f 40/61/30 36/69/30 34/70/30 38/63/30
o Cube.007_Cube.001
v 1.049969 -1.364296 1.475986
v 1.031952 -1.296260 1.288779
v 2.731750 -2.319548 0.966964
v 2.713733 -2.251512 0.779757
v 2.117278 0.255766 1.962041
v 2.099261 0.323802 1.774834
v 3.799059 -0.699486 1.453019
v 3.781042 -0.631450 1.265812
vt 0.375000 0.000000
vt 0.625000 0.000000
vt 0.625000 0.250000
vt 0.375000 0.250000
vt 0.625000 0.500000
vt 0.375000 0.500000
vt 0.625000 0.750000
vt 0.375000 0.750000
vt 0.625000 1.000000
vt 0.375000 1.000000
vt 0.125000 0.500000
vt 0.125000 0.750000
vt 0.875000 0.500000
vt 0.875000 0.750000
vn -0.5337 -0.8100 -0.2430
vn 0.8409 -0.4776 -0.2545
vn 0.5337 0.8100 0.2430
vn -0.8409 0.4776 0.2545
vn 0.0901 -0.3402 0.9360
vn -0.0901 0.3402 -0.9360
s off
f 41/71/31 42/72/31 44/73/31 43/74/31
f 43/74/32 44/73/32 48/75/32 47/76/32
f 47/76/33 48/75/33 46/77/33 45/78/33
f 45/78/34 46/77/34 42/79/34 41/80/34
f 43/81/35 47/76/35 45/78/35 41/82/35
f 48/75/36 44/83/36 42/84/36 46/77/36
o Cube.008_Cube.001
v 0.261361 -3.232607 0.807343
v 0.246800 -3.257427 1.005262
v -0.737400 -4.941311 0.519577
v -0.751961 -4.966132 0.717496
v -1.465276 -2.223288 0.806889
v -1.479837 -2.248108 1.004808
v -2.464037 -3.931992 0.519124
v -2.478598 -3.956813 0.717043
vt 0.375000 0.000000
vt 0.625000 0.000000
vt 0.625000 0.250000
vt 0.375000 0.250000
vt 0.625000 0.500000
vt 0.375000 0.500000
vt 0.625000 0.750000
vt 0.375000 0.750000
vt 0.625000 1.000000
vt 0.375000 1.000000
vt 0.125000 0.500000
vt 0.125000 0.750000
vt 0.875000 0.500000
vt 0.875000 0.750000
vn 0.8633 -0.5047 0.0002
vn -0.4994 -0.8544 -0.1439
vn -0.8633 0.5047 -0.0002
vn 0.4994 0.8544 0.1439
vn 0.0728 0.1241 -0.9896
vn -0.0728 -0.1241 0.9896
s off
f 49/85/37 50/86/37 52/87/37 51/88/37
f 51/88/38 52/87/38 56/89/38 55/90/38
f 55/90/39 56/89/39 54/91/39 53/92/39
f 53/92/40 54/91/40 50/93/40 49/94/40
f 51/95/41 55/90/41 53/92/41 49/96/41
f 56/89/42 52/97/42 50/98/42 54/91/42
o Cube.009_Cube.001
v 1.187913 -0.745927 0.947976
v 1.193474 -0.780619 1.144866
v -0.562257 0.197673 1.163672
v -0.556696 0.162981 1.360562
v 2.154253 0.983022 1.225322
v 2.159815 0.948330 1.422212
v 0.404084 1.926623 1.441018
v 0.409645 1.891931 1.637908
vt 0.375000 0.000000
vt 0.625000 0.000000
vt 0.625000 0.250000
vt 0.375000 0.250000
vt 0.625000 0.500000
vt 0.375000 0.500000
vt 0.625000 0.750000
vt 0.375000 0.750000
vt 0.625000 1.000000
vt 0.375000 1.000000
vt 0.125000 0.500000
vt 0.125000 0.750000
vt 0.875000 0.500000
vt 0.875000 0.750000
vn -0.4832 -0.8645 -0.1387
vn -0.8751 0.4718 0.1078
vn 0.4832 0.8645 0.1387
vn 0.8751 -0.4718 -0.1078
vn -0.0278 0.1735 -0.9844
vn 0.0278 -0.1735 0.9844
s off
f 57/99/43 58/100/43 60/101/43 59/102/43
f 59/102/44 60/101/44 64/103/44 63/104/44
f 63/104/45 64/103/45 62/105/45 61/106/45
f 61/106/46 62/105/46 58/107/46 57/108/46
f 59/109/47 63/104/47 61/106/47 57/110/47
f 64/103/48 60/111/48 58/112/48 62/105/48
o Cube.010_Cube.001
v 1.614198 -0.773681 1.135213
v 1.594826 -0.761970 0.936498
v 3.444425 -1.548317 0.911140
v 3.425053 -1.536606 0.712425
v 2.396977 1.066489 1.167350
v 2.377605 1.078200 0.968635
v 4.227203 0.291853 0.943277
v 4.207831 0.303564 0.744562
vt 0.375000 0.000000
vt 0.625000 0.000000
vt 0.625000 0.250000
vt 0.375000 0.250000
vt 0.625000 0.500000
vt 0.375000 0.500000
vt 0.625000 0.750000
vt 0.375000 0.750000
vt 0.625000 1.000000
vt 0.375000 1.000000
vt 0.125000 0.500000
vt 0.125000 0.750000
vt 0.875000 0.500000
vt 0.875000 0.750000
vn -0.3914 -0.9201 -0.0161
vn 0.9151 -0.3873 -0.1120
vn 0.3914 0.9201 0.0161
vn -0.9151 0.3873 0.1120
vn 0.0969 -0.0586 0.9936
vn -0.0969 0.0586 -0.9936
s off
f 65/113/49 66/114/49 68/115/49 67/116/49
f 67/116/50 68/115/50 72/117/50 71/118/50
f 71/118/51 72/117/51 70/119/51 69/120/51
f 69/120/52 70/119/52 66/121/52 65/122/52
f 67/123/53 71/118/53 69/120/53 65/124/53
f 72/117/54 68/125/54 66/126/54 70/119/54
o Cube.011_Cube.001
v -0.443960 0.611546 1.026032
v -0.448845 0.647369 0.829327
v 1.516533 0.233832 0.908553
v 1.511647 0.269656 0.711848
v -0.051427 2.542608 1.367962
v -0.056312 2.578432 1.171257
v 1.909065 2.164895 1.250483
v 1.904180 2.200718 1.053778
vt 0.375000 0.000000
vt 0.625000 0.000000
vt 0.625000 0.250000
vt 0.375000 0.250000
vt 0.625000 0.500000
vt 0.375000 0.500000
vt 0.625000 0.750000
vt 0.375000 0.750000
vt 0.625000 1.000000
vt 0.375000 1.000000
vt 0.125000 0.500000
vt 0.125000 0.750000
vt 0.875000 0.500000
vt 0.875000 0.750000
vn -0.1963 -0.9655 -0.1710
vn 0.9802 -0.1889 -0.0587
vn 0.1963 0.9655 0.1710
vn -0.9802 0.1889 0.0587
vn 0.0244 -0.1791 0.9835
vn -0.0244 0.1791 -0.9835
s off
f 73/127/55 74/128/55 76/129/55 75/130/55
f 75/130/56 76/129/56 80/131/56 79/132/56
f 79/132/57 80/131/57 78/133/57 77/134/57
f 77/134/58 78/133/58 74/135/58 73/136/58
f 75/137/59 79/132/59 77/134/59 73/138/59
f 80/131/60 76/139/60 74/140/60 78/133/60
o Cube.001_Cube.005
v 4.383591 -3.920059 0.516730
v 4.359899 -3.941497 0.714161
v 3.858431 -1.995764 0.662655
v 3.834738 -2.017202 0.860086
v 6.298812 -3.418931 0.800981
v 6.275120 -3.440369 0.998412
v 5.773652 -1.494636 0.946906
v 5.749959 -1.516074 1.144337
vt 0.375000 0.000000
vt 0.625000 0.000000
vt 0.625000 0.250000
vt 0.375000 0.250000
vt 0.625000 0.500000
vt 0.375000 0.500000
vt 0.625000 0.750000
vt 0.375000 0.750000
vt 0.625000 1.000000
vt 0.375000 1.000000
vt 0.125000 0.500000
vt 0.125000 0.750000
vt 0.875000 0.500000
vt 0.875000 0.750000
vn -0.9576 -0.2506 -0.1421
vn -0.2626 0.9621 0.0730
vn 0.9576 0.2506 0.1421
vn 0.2626 -0.9621 -0.0730
vn 0.1185 0.1072 -0.9872
vn -0.1185 -0.1072 0.9872
s off
f 81/141/61 82/142/61 84/143/61 83/144/61
f 83/144/62 84/143/62 88/145/62 87/146/62
f 87/146/63 88/145/63 86/147/63 85/148/63
f 85/148/64 86/147/64 82/149/64 81/150/64
f 83/151/65 87/146/65 85/148/65 81/152/65
f 88/145/66 84/153/66 82/154/66 86/147/66
o Cube.012_Cube.005
v -1.216237 1.907206 1.471011
v -1.220355 1.942500 1.274193
v -0.684800 0.011339 1.119920
v -0.688919 0.046633 0.923102
v 0.711425 2.437418 1.525754
v 0.707307 2.472712 1.328935
v 1.242862 0.541551 1.174662
v 1.238743 0.576845 0.977844
vt 0.375000 0.000000
vt 0.625000 0.000000
vt 0.625000 0.250000
vt 0.375000 0.250000
vt 0.625000 0.500000
vt 0.375000 0.500000
vt 0.625000 0.750000
vt 0.375000 0.750000
vt 0.625000 1.000000
vt 0.375000 1.000000
vt 0.125000 0.500000
vt 0.125000 0.750000
vt 0.875000 0.500000
vt 0.875000 0.750000
vn -0.9638 -0.2651 -0.0274
vn 0.2657 -0.9479 -0.1755
vn 0.9638 0.2651 0.0274
vn -0.2657 0.9479 0.1755
vn 0.0206 -0.1765 0.9841
vn -0.0206 0.1765 -0.9841
s off
f 89/155/67 90/156/67 92/157/67 91/158/67
f 91/158/68 92/157/68 96/159/68 95/160/68
f 95/160/69 96/159/69 94/161/69 93/162/69
f 93/162/70 94/161/70 90/163/70 89/164/70
f 91/165/71 95/160/71 93/162/71 89/166/71
f 96/159/72 92/167/72 90/168/72 94/161/72
o Cube.013_Cube.005
v -0.173959 -1.446277 0.723997
v -0.174127 -1.446080 0.523997
v 1.805875 -1.162988 0.722617
v 1.805707 -1.162790 0.522617
v -0.457247 0.533557 0.726190
v -0.457415 0.533755 0.526190
v 1.522587 0.816847 0.724809
v 1.522419 0.817044 0.524810
vt 0.375000 0.000000
vt 0.625000 0.000000
vt 0.625000 0.250000
vt 0.375000 0.250000
vt 0.625000 0.500000
vt 0.375000 0.500000
vt 0.625000 0.750000
vt 0.375000 0.750000
vt 0.625000 1.000000
vt 0.375000 1.000000
vt 0.125000 0.500000
vt 0.125000 0.750000
vt 0.875000 0.500000
vt 0.875000 0.750000
vn 0.1416 -0.9899 -0.0011
vn 0.9899 0.1416 -0.0007
vn -0.1416 0.9899 0.0011
vn -0.9899 -0.1416 0.0007
vn 0.0008 -0.0010 1.0000
vn -0.0008 0.0010 -1.0000
s off
f 97/169/73 98/170/73 100/171/73 99/172/73
f 99/172/74 100/171/74 104/173/74 103/174/74
f 103/174/75 104/173/75 102/175/75 101/176/75
f 101/176/76 102/175/76 98/177/76 97/178/76
f 99/179/77 103/174/77 101/176/77 97/180/77
f 104/173/78 100/181/78 98/182/78 102/175/78
o Cube.014_Cube.005
v -2.575478 4.055176 0.723120
v -2.575193 4.055687 0.523121
v -0.684609 3.403552 0.724149
v -0.684325 3.404062 0.524150
v -1.923859 5.946039 0.728875
v -1.923574 5.946549 0.528876
v -0.032990 5.294415 0.729904
v -0.032706 5.294925 0.529904
vt 0.375000 0.000000
vt 0.625000 0.000000
vt 0.625000 0.250000
vt 0.375000 0.250000
vt 0.625000 0.500000
vt 0.375000 0.500000
vt 0.625000 0.750000
vt 0.375000 0.750000
vt 0.625000 1.000000
vt 0.375000 1.000000
vt 0.125000 0.500000
vt 0.125000 0.750000
vt 0.875000 0.500000
vt 0.875000 0.750000
vn -0.3258 -0.9454 -0.0029
vn 0.9454 -0.3258 0.0005
vn 0.3258 0.9454 0.0029
vn -0.9454 0.3258 -0.0005
vn -0.0014 -0.0026 1.0000
vn 0.0014 0.0026 -1.0000
s off
f 105/183/79 106/184/79 108/185/79 107/186/79
f 107/186/80 108/185/80 112/187/80 111/188/80
f 111/188/81 112/187/81 110/189/81 109/190/81
f 109/190/82 110/189/82 106/191/82 105/192/82
f 107/193/83 111/188/83 109/190/83 105/194/83
f 112/187/84 108/195/84 106/196/84 110/189/84
o Cube.015_Cube.005
v 3.107956 3.022346 0.869319
v 3.144669 3.059010 1.062472
v 3.032156 1.061532 1.255924
v 3.068869 1.098196 1.449076
v 1.143402 3.166517 1.215356
v 1.180115 3.203180 1.408509
v 1.067603 1.205703 1.601961
v 1.104315 1.242367 1.795113
vt 0.375000 0.000000
vt 0.625000 0.000000
vt 0.625000 0.250000
vt 0.375000 0.250000
vt 0.625000 0.500000
vt 0.375000 0.500000
vt 0.625000 0.750000
vt 0.375000 0.750000
vt 0.625000 1.000000
vt 0.375000 1.000000
vt 0.125000 0.500000
vt 0.125000 0.750000
vt 0.875000 0.500000
vt 0.875000 0.750000
vn 0.9823 -0.0721 -0.1730
vn -0.0379 -0.9804 0.1933
vn -0.9823 0.0721 0.1730
vn 0.0379 0.9804 -0.1933
vn -0.1836 -0.1833 -0.9658
vn 0.1836 0.1833 0.9658
s off
f 113/197/85 114/198/85 116/199/85 115/200/85
f 115/200/86 116/199/86 120/201/86 119/202/86
f 119/202/87 120/201/87 118/203/87 117/204/87
f 117/204/88 118/203/88 114/205/88 113/206/88
f 115/207/89 119/202/89 117/204/89 113/208/89
f 120/201/90 116/209/90 114/210/90 118/203/90
o Cube.016_Cube.005
v -0.378223 2.629044 1.207929
v -0.402101 2.650072 1.010476
v 1.227300 1.479236 0.891329
v 1.203422 1.500264 0.693876
v 0.790230 4.251919 1.239462
v 0.766352 4.272947 1.042009
v 2.395753 3.102111 0.922861
v 2.371875 3.123139 0.725408
vt 0.375000 0.000000
vt 0.625000 0.000000
vt 0.625000 0.250000
vt 0.375000 0.250000
vt 0.625000 0.500000
vt 0.375000 0.500000
vt 0.625000 0.750000
vt 0.375000 0.750000
vt 0.625000 1.000000
vt 0.375000 1.000000
vt 0.125000 0.500000
vt 0.125000 0.750000
vt 0.875000 0.500000
vt 0.875000 0.750000
vn -0.5842 -0.8114 -0.0158
vn 0.8028 -0.5749 -0.1583
vn 0.5842 0.8114 0.0158
vn -0.8028 0.5749 0.1583
vn 0.1194 -0.1051 0.9873
vn -0.1194 0.1051 -0.9873
s off
f 121/211/91 122/212/91 124/213/91 123/214/91
f 123/214/92 124/213/92 128/215/92 127/216/92
f 127/216/93 128/215/93 126/217/93 125/218/93
f 125/218/94 126/217/94 122/219/94 121/220/94
f 123/221/95 127/216/95 125/218/95 121/222/95
f 128/215/96 124/223/96 122/224/96 126/217/96
o Cube.017_Cube.005
v -3.482525 -4.472951 0.524851
v -3.482525 -4.472951 0.724851
v -1.482591 -4.456666 0.524851
v -1.482591 -4.456666 0.724851
v -3.466240 -6.472885 0.524852
v -3.466240 -6.472885 0.724851
v -1.466306 -6.456600 0.524852
v -1.466306 -6.456600 0.724851
vt 0.375000 0.000000
vt 0.625000 0.000000
vt 0.625000 0.250000
vt 0.375000 0.250000
vt 0.625000 0.500000
vt 0.375000 0.500000
vt 0.625000 0.750000
vt 0.375000 0.750000
vt 0.625000 1.000000
vt 0.375000 1.000000
vt 0.125000 0.500000
vt 0.125000 0.750000
vt 0.875000 0.500000
vt 0.875000 0.750000
vn -0.0081 1.0000 0.0000
vn 1.0000 0.0081 0.0000
vn 0.0081 -1.0000 0.0000
vn -1.0000 -0.0081 0.0000
vn 0.0000 -0.0000 -1.0000
vn 0.0000 0.0000 1.0000
s off
f 129/225/97 130/226/97 132/227/97 131/228/97
f 131/228/98 132/227/98 136/229/98 135/230/98
f 135/230/99 136/229/99 134/231/99 133/232/99
f 133/232/100 134/231/100 130/233/100 129/234/100
f 131/235/101 135/230/101 133/232/101 129/236/101
f 136/229/102 132/237/102 130/238/102 134/231/102
o Cube.018_Cube.005
v 2.949572 -2.462043 1.320155
v 2.936718 -2.401668 1.129919
v 0.993361 -2.878263 1.320235
v 0.980507 -2.817888 1.129999
v 3.345448 -4.322755 0.702876
v 3.332594 -4.262380 0.512640
v 1.389236 -4.738975 0.702957
v 1.376382 -4.678600 0.512721
vt 0.375000 0.000000
vt 0.625000 0.000000
vt 0.625000 0.250000
vt 0.375000 0.250000
vt 0.625000 0.500000
vt 0.375000 0.500000
vt 0.625000 0.750000
vt 0.375000 0.750000
vt 0.625000 1.000000
vt 0.375000 1.000000
vt 0.125000 0.500000
vt 0.125000 0.750000
vt 0.875000 0.500000
vt 0.875000 0.750000
vn -0.1979 0.9304 0.3086
vn -0.9781 -0.2081 0.0000
vn 0.1979 -0.9304 -0.3086
vn 0.9781 0.2081 -0.0000
vn 0.0643 -0.3019 0.9512
vn -0.0643 0.3019 -0.9512
s off
f 137/239/103 138/240/103 140/241/103 139/242/103
f 139/242/104 140/241/104 144/243/104 143/244/104
f 143/244/105 144/243/105 142/245/105 141/246/105
f 141/246/106 142/245/106 138/247/106 137/248/106
f 139/249/107 143/244/107 141/246/107 137/250/107
f 144/243/108 140/251/108 138/252/108 142/245/108
o Cube.019_Cube.005
v 6.096458 0.953434 0.924224
v 6.096179 0.953579 0.724224
v 4.559705 -0.326561 0.925444
v 4.559426 -0.326416 0.725444
v 7.376451 -0.583319 0.921326
v 7.376172 -0.583174 0.721326
v 5.839698 -1.863314 0.922546
v 5.839418 -1.863169 0.722546
vt 0.375000 0.000000
vt 0.625000 0.000000
vt 0.625000 0.250000
vt 0.375000 0.250000
vt 0.625000 0.500000
vt 0.375000 0.500000
vt 0.625000 0.750000
vt 0.375000 0.750000
vt 0.625000 1.000000
vt 0.375000 1.000000
vt 0.125000 0.500000
vt 0.125000 0.750000
vt 0.875000 0.500000
vt 0.875000 0.750000
vn -0.6400 0.7684 0.0014
vn -0.7684 -0.6400 0.0006
vn 0.6400 -0.7684 -0.0014
vn 0.7684 0.6400 -0.0006
vn 0.0014 -0.0007 1.0000
vn -0.0014 0.0007 -1.0000
s off
f 145/253/109 146/254/109 148/255/109 147/256/109
f 147/256/110 148/255/110 152/257/110 151/258/110
f 151/258/111 152/257/111 150/259/111 149/260/111
f 149/260/112 150/259/112 146/261/112 145/262/112
f 147/263/113 151/258/113 149/260/113 145/264/113
f 152/257/114 148/265/114 146/266/114 150/259/114
o Cube.020_Cube.005
v 3.177478 -0.854481 1.251083
v 3.169250 -0.818338 1.054548
v 2.600312 1.024405 1.620770
v 2.592084 1.060547 1.424235
v 1.264337 -1.436857 1.224082
v 1.256109 -1.400715 1.027547
v 0.687171 0.442029 1.593769
v 0.678943 0.478171 1.397234
vt 0.375000 0.000000
vt 0.625000 0.000000
vt 0.625000 0.250000
vt 0.375000 0.250000
vt 0.625000 0.500000
vt 0.375000 0.500000
vt 0.625000 0.750000
vt 0.375000 0.750000
vt 0.625000 1.000000
vt 0.375000 1.000000
vt 0.125000 0.500000
vt 0.125000 0.750000
vt 0.875000 0.500000
vt 0.875000 0.750000
vn 0.9566 0.2912 0.0135
vn -0.2886 0.9394 0.1848
vn -0.9566 -0.2912 -0.0135
vn 0.2886 -0.9394 -0.1848
vn 0.0411 -0.1807 0.9827
vn -0.0411 0.1807 -0.9827
s off
f 153/267/115 154/268/115 156/269/115 155/270/115
f 155/270/116 156/269/116 160/271/116 159/272/116
f 159/272/117 160/271/117 158/273/117 157/274/117
f 157/274/118 158/273/118 154/275/118 153/276/118
f 155/277/119 159/272/119 157/274/119 153/278/119
f 160/271/120 156/279/120 154/280/120 158/273/120
o Cube.021_Cube.006
v -1.351270 -1.236515 1.005304
v -1.321924 -1.177884 0.816357
v 0.568334 -1.782951 1.133883
v 0.597680 -1.724320 0.944935
v -0.872723 0.595875 1.648221
v -0.843377 0.654505 1.459273
v 1.046880 0.049439 1.776799
v 1.076226 0.108069 1.587851
vt 0.375000 0.000000
vt 0.625000 0.000000
vt 0.625000 0.250000
vt 0.375000 0.250000
vt 0.625000 0.500000
vt 0.375000 0.500000
vt 0.625000 0.750000
vt 0.375000 0.750000
vt 0.625000 1.000000
vt 0.375000 1.000000
vt 0.125000 0.500000
vt 0.125000 0.750000
vt 0.875000 0.500000
vt 0.875000 0.750000
vn -0.2393 -0.9162 -0.3215
vn 0.9598 -0.2732 0.0643
vn 0.2393 0.9162 0.3215
vn -0.9598 0.2732 -0.0643
vn -0.1467 -0.2932 0.9447
vn 0.1467 0.2932 -0.9447
s off
f 161/281/121 162/282/121 164/283/121 163/284/121
f 163/284/122 164/283/122 168/285/122 167/286/122
f 167/286/123 168/285/123 166/287/123 165/288/123
f 165/288/124 166/287/124 162/289/124 161/290/124
f 163/291/125 167/286/125 165/288/125 161/292/125
f 168/285/126 164/293/126 162/294/126 166/287/126
o Cube.022_Cube.006
v 3.303689 -3.119791 0.612042
v 3.318904 -3.191205 0.798237
v 1.422372 -3.790555 0.508503
v 1.437586 -3.861969 0.694698
v 2.642254 -1.376208 1.334833
v 2.657469 -1.447622 1.521028
v 0.760936 -2.046973 1.231293
v 0.776151 -2.118387 1.417488
vt 0.375000 0.000000
vt 0.625000 0.000000
vt 0.625000 0.250000
vt 0.375000 0.250000
vt 0.625000 0.500000
vt 0.375000 0.500000
vt 0.625000 0.750000
vt 0.375000 0.750000
vt 0.625000 1.000000
vt 0.375000 1.000000
vt 0.125000 0.500000
vt 0.125000 0.750000
vt 0.875000 0.500000
vt 0.875000 0.750000
vn 0.3307 -0.8718 -0.3614
vn -0.9407 -0.3354 -0.0518
vn -0.3307 0.8718 0.3614
vn 0.9407 0.3354 0.0518
vn -0.0761 0.3571 -0.9310
vn 0.0761 -0.3571 0.9310
s off
f 169/295/127 170/296/127 172/297/127 171/298/127
f 171/298/128 172/297/128 176/299/128 175/300/128
f 175/300/129 176/299/129 174/301/129 173/302/129
f 173/302/130 174/301/130 170/303/130 169/304/130
f 171/305/131 175/300/131 173/302/131 169/306/131
f 176/299/132 172/307/132 170/308/132 174/301/132
o Cube.023_Cube.006
v -2.704460 -0.352082 1.088459
v -2.693675 -0.326264 0.890426
v -4.187552 -1.669898 0.835879
v -4.176767 -1.644079 0.637846
v -1.366998 -1.834209 0.968063
v -1.356213 -1.808391 0.770030
v -2.850091 -3.152025 0.715483
v -2.839306 -3.126206 0.517450
vt 0.375000 0.000000
vt 0.625000 0.000000
vt 0.625000 0.250000
vt 0.375000 0.250000
vt 0.625000 0.500000
vt 0.375000 0.500000
vt 0.625000 0.750000
vt 0.375000 0.750000
vt 0.625000 1.000000
vt 0.375000 1.000000
vt 0.125000 0.500000
vt 0.125000 0.750000
vt 0.875000 0.500000
vt 0.875000 0.750000
vn -0.6687 0.7411 0.0602
vn -0.7415 -0.6589 -0.1263
vn 0.6687 -0.7411 -0.0602
vn 0.7415 0.6589 0.1263
vn -0.0539 -0.1291 0.9902
vn 0.0539 0.1291 -0.9902
s off
f 177/309/133 178/310/133 180/311/133 179/312/133
f 179/312/134 180/311/134 184/313/134 183/314/134
f 183/314/135 184/313/135 182/315/135 181/316/135
f 181/316/136 182/315/136 178/317/136 177/318/136
f 179/319/137 183/314/137 181/316/137 177/320/137
f 184/313/138 180/321/138 178/322/138 182/315/138
o Cube.024_Cube.006
v -0.225204 4.988236 0.724661
v -0.224978 4.988090 0.924661
v 1.296559 3.690458 0.721996
v 1.296785 3.690312 0.921996
v -1.522983 3.466471 0.725010
v -1.522758 3.466325 0.925010
v -0.001220 2.168693 0.722345
v -0.000994 2.168547 0.922344
vt 0.375000 0.000000
vt 0.625000 0.000000
vt 0.625000 0.250000
vt 0.375000 0.250000
vt 0.625000 0.500000
vt 0.375000 0.500000
vt 0.625000 0.750000
vt 0.375000 0.750000
vt 0.625000 1.000000
vt 0.375000 1.000000
vt 0.125000 0.500000
vt 0.125000 0.750000
vt 0.875000 0.500000
vt 0.875000 0.750000
vn 0.6489 0.7609 -0.0002
vn 0.7609 -0.6489 -0.0013
vn -0.6489 -0.7609 0.0002
vn -0.7609 0.6489 0.0013
vn -0.0011 0.0007 -1.0000
vn 0.0011 -0.0007 1.0000
s off
f 185/323/139 186/324/139 188/325/139 187/326/139
f 187/326/140 188/325/140 192/327/140 191/328/140
f 191/328/141 192/327/141 190/329/141 189/330/141
f 189/330/142 190/329/142 186/331/142 185/332/142
f 187/333/143 191/328/143 189/330/143 185/334/143
f 192/327/144 188/335/144 186/336/144 190/329/144
o Cube.025_Cube.006
v 4.215277 0.506901 0.724909
v 4.215280 0.506894 0.524909
v 3.880160 2.478625 0.724834
v 3.880162 2.478618 0.524834
v 2.243553 0.171784 0.724896
v 2.243556 0.171777 0.524896
v 1.908436 2.143508 0.724821
v 1.908438 2.143501 0.524821
vt 0.375000 0.000000
vt 0.625000 0.000000
vt 0.625000 0.250000
vt 0.375000 0.250000
vt 0.625000 0.500000
vt 0.375000 0.500000
vt 0.625000 0.750000
vt 0.375000 0.750000
vt 0.625000 1.000000
vt 0.375000 1.000000
vt 0.125000 0.500000
vt 0.125000 0.750000
vt 0.875000 0.500000
vt 0.875000 0.750000
vn 0.9859 0.1676 0.0000
vn -0.1676 0.9859 -0.0000
vn -0.9859 -0.1676 -0.0000
vn 0.1676 -0.9859 0.0000
vn -0.0000 0.0000 1.0000
vn 0.0000 -0.0000 -1.0000
s off
f 193/337/145 194/338/145 196/339/145 195/340/145
f 195/340/146 196/339/146 200/341/146 199/342/146
f 199/342/147 200/341/147 198/343/147 197/344/147
f 197/344/148 198/343/148 194/345/148 193/346/148
f 195/347/149 199/342/149 197/344/149 193/348/149
f 200/341/150 196/349/150 194/350/150 198/343/150
o Cube.026_Cube.006
v -0.161230 1.416172 0.962223
v -0.143288 1.432085 0.763666
v -1.344767 3.028234 0.984475
v -1.326826 3.044147 0.785918
v -1.763432 0.243170 0.723444
v -1.745491 0.259083 0.524887
v -2.946970 1.855232 0.745696
v -2.929029 1.871145 0.547139
vt 0.375000 0.000000
vt 0.625000 0.000000
vt 0.625000 0.250000
vt 0.375000 0.250000
vt 0.625000 0.500000
vt 0.375000 0.500000
vt 0.625000 0.750000
vt 0.375000 0.750000
vt 0.625000 1.000000
vt 0.375000 1.000000
vt 0.125000 0.500000
vt 0.125000 0.750000
vt 0.875000 0.500000
vt 0.875000 0.750000
vn 0.8011 0.5865 0.1194
vn -0.5918 0.8060 0.0111
vn -0.8011 -0.5865 -0.1194
vn 0.5918 -0.8060 -0.0111
vn -0.0897 -0.0796 0.9928
vn 0.0897 0.0796 -0.9928
s off
f 201/351/151 202/352/151 204/353/151 203/354/151
f 203/354/152 204/353/152 208/355/152 207/356/152
f 207/356/153 208/355/153 206/357/153 205/358/153
f 205/358/154 206/357/154 202/359/154 201/360/154
f 203/361/155 207/356/155 205/358/155 201/362/155
f 208/355/156 204/363/156 202/364/156 206/357/156
o Cube.027_Cube.006
v 2.992033 -4.810732 1.123441
v 2.991657 -4.810694 0.923442
v 1.134814 -5.552843 1.126789
v 1.134439 -5.552806 0.926790
v 3.734142 -6.667953 1.121700
v 3.733767 -6.667915 0.921700
v 1.876924 -7.410064 1.125048
v 1.876548 -7.410027 0.925048
vt 0.375000 0.000000
vt 0.625000 0.000000
vt 0.625000 0.250000
vt 0.375000 0.250000
vt 0.625000 0.500000
vt 0.375000 0.500000
vt 0.625000 0.750000
vt 0.375000 0.750000
vt 0.625000 1.000000
vt 0.375000 1.000000
vt 0.125000 0.500000
vt 0.125000 0.750000
vt 0.875000 0.500000
vt 0.875000 0.750000
vn -0.3711 0.9286 0.0009
vn -0.9286 -0.3711 0.0017
vn 0.3711 -0.9286 -0.0009
vn 0.9286 0.3711 -0.0017
vn 0.0019 -0.0002 1.0000
vn -0.0019 0.0002 -1.0000
s off
f 209/365/157 210/366/157 212/367/157 211/368/157
f 211/368/158 212/367/158 216/369/158 215/370/158
f 215/370/159 216/369/159 214/371/159 213/372/159
f 213/372/160 214/371/160 210/373/160 209/374/160
f 211/375/161 215/370/161 213/372/161 209/376/161
f 216/369/162 212/377/162 210/378/162 214/371/162
o Cube.028_Cube.006
v 3.647973 -6.510244 0.722982
v 3.648219 -6.510216 0.922982
v 1.880291 -7.445817 0.725288
v 1.880537 -7.445789 0.925288
v 2.712400 -4.742561 0.723889
v 2.712646 -4.742533 0.923888
v 0.944718 -5.678133 0.726195
v 0.944965 -5.678106 0.926194
vt 0.375000 0.000000
vt 0.625000 0.000000
vt 0.625000 0.250000
vt 0.375000 0.250000
vt 0.625000 0.500000
vt 0.375000 0.500000
vt 0.625000 0.750000
vt 0.375000 0.750000
vt 0.625000 1.000000
vt 0.375000 1.000000
vt 0.125000 0.500000
vt 0.125000 0.750000
vt 0.875000 0.500000
vt 0.875000 0.750000
vn 0.4678 -0.8838 -0.0005
vn -0.8838 -0.4678 0.0012
vn -0.4678 0.8838 0.0005
vn 0.8838 0.4678 -0.0012
vn -0.0012 -0.0001 -1.0000
vn 0.0012 0.0001 1.0000
s off
f 217/379/163 218/380/163 220/381/163 219/382/163
f 219/382/164 220/381/164 224/383/164 223/384/164
f 223/384/165 224/383/165 222/385/165 221/386/165
f 221/386/166 222/385/166 218/387/166 217/388/166
f 219/389/167 223/384/167 221/386/167 217/390/167
f 224/383/168 220/391/168 218/392/168 222/385/168
o Cube.029_Cube.006
v -0.577087 -1.328864 0.523185
v -0.577481 -1.329074 0.723184
v 1.395190 -1.660694 0.526722
v 1.394796 -1.660905 0.726722
v -0.908912 -3.301143 0.520456
v -0.909306 -3.301353 0.720456
v 1.063365 -3.632973 0.523994
v 1.062971 -3.633183 0.723994
vt 0.375000 0.000000
vt 0.625000 0.000000
vt 0.625000 0.250000
vt 0.375000 0.250000
vt 0.625000 0.500000
vt 0.375000 0.500000
vt 0.625000 0.750000
vt 0.375000 0.750000
vt 0.625000 1.000000
vt 0.375000 1.000000
vt 0.125000 0.500000
vt 0.125000 0.750000
vt 0.875000 0.500000
vt 0.875000 0.750000
vn 0.1659 0.9861 0.0014
vn 0.9861 -0.1659 0.0018
vn -0.1659 -0.9861 -0.0014
vn -0.9861 0.1659 -0.0018
vn 0.0020 0.0011 -1.0000
vn -0.0020 -0.0011 1.0000
s off
f 225/393/169 226/394/169 228/395/169 227/396/169
f 227/396/170 228/395/170 232/397/170 231/398/170
f 231/398/171 232/397/171 230/399/171 229/400/171
f 229/400/172 230/399/172 226/401/172 225/402/172
f 227/403/173 231/398/173 229/400/173 225/404/173
f 232/397/174 228/405/174 226/406/174 230/399/174
o Cube.030_Cube.006
v -3.048833 0.550761 0.919763
v -3.027615 0.556813 0.720983
v -1.139412 1.103420 1.140404
v -1.118194 1.109471 0.941625
v -3.604794 2.471935 0.918907
v -3.583576 2.477987 0.720128
v -1.695374 3.024593 1.139549
v -1.674155 3.030645 0.940770
vt 0.375000 0.000000
vt 0.625000 0.000000
vt 0.625000 0.250000
vt 0.375000 0.250000
vt 0.625000 0.500000
vt 0.375000 0.500000
vt 0.625000 0.750000
vt 0.375000 0.750000
vt 0.625000 1.000000
vt 0.375000 1.000000
vt 0.125000 0.500000
vt 0.125000 0.750000
vt 0.875000 0.500000
vt 0.875000 0.750000
vn 0.2780 -0.9606 0.0004
vn 0.9547 0.2763 0.1103
vn -0.2780 0.9606 -0.0004
vn -0.9547 -0.2763 -0.1103
vn -0.1061 -0.0303 0.9939
vn 0.1061 0.0303 -0.9939
s off
f 233/407/175 234/408/175 236/409/175 235/410/175
f 235/410/176 236/409/176 240/411/176 239/412/176
f 239/412/177 240/411/177 238/413/177 237/414/177
f 237/414/178 238/413/178 234/415/178 233/416/178
f 235/417/179 239/412/179 237/414/179 233/418/179
f 240/411/180 236/419/180 234/420/180 238/413/180
o Cube.031_Cube.007
v 2.632602 3.237952 0.524845
v 2.632602 3.237952 0.724845
v 3.013169 5.201411 0.524845
v 3.013169 5.201411 0.724845
v 4.596060 2.857384 0.524845
v 4.596060 2.857384 0.724845
v 4.976628 4.820843 0.524845
v 4.976628 4.820843 0.724845
vt 0.375000 0.000000
vt 0.625000 0.000000
vt 0.625000 0.250000
vt 0.375000 0.250000
vt 0.625000 0.500000
vt 0.375000 0.500000
vt 0.625000 0.750000
vt 0.375000 0.750000
vt 0.625000 1.000000
vt 0.375000 1.000000
vt 0.125000 0.500000
vt 0.125000 0.750000
vt 0.875000 0.500000
vt 0.875000 0.750000
vn -0.9817 0.1903 0.0000
vn 0.1903 0.9817 0.0000
vn 0.9817 -0.1903 0.0000
vn -0.1903 -0.9817 0.0000
vn -0.0000 0.0000 -1.0000
vn 0.0000 -0.0000 1.0000
s off
f 241/421/181 242/422/181 244/423/181 243/424/181
f 243/424/182 244/423/182 248/425/182 247/426/182
f 247/426/183 248/425/183 246/427/183 245/428/183
f 245/428/184 246/427/184 242/429/184 241/430/184
f 243/431/185 247/426/185 245/428/185 241/432/185
f 248/425/186 244/433/186 242/434/186 246/427/186
o Cube.032_Cube.007
v -3.477567 1.109141 0.724880
v -3.477569 1.109138 0.524880
v -2.181013 2.631951 0.724843
v -2.181015 2.631948 0.524843
v -5.000377 2.405695 0.724878
v -5.000379 2.405693 0.524878
v -3.703823 3.928505 0.724841
v -3.703825 3.928502 0.524840
vt 0.375000 0.000000
vt 0.625000 0.000000
vt 0.625000 0.250000
vt 0.375000 0.250000
vt 0.625000 0.500000
vt 0.375000 0.500000
vt 0.625000 0.750000
vt 0.375000 0.750000
vt 0.625000 1.000000
vt 0.375000 1.000000
vt 0.125000 0.500000
vt 0.125000 0.750000
vt 0.875000 0.500000
vt 0.875000 0.750000
vn 0.7614 -0.6483 0.0000
vn 0.6483 0.7614 -0.0000
vn -0.7614 0.6483 -0.0000
vn -0.6483 -0.7614 0.0000
vn 0.0000 0.0000 1.0000
vn -0.0000 -0.0000 -1.0000
s off
f 249/435/187 250/436/187 252/437/187 251/438/187
f 251/438/188 252/437/188 256/439/188 255/440/188
f 255/440/189 256/439/189 254/441/189 253/442/189
f 253/442/190 254/441/190 250/443/190 249/444/190
f 251/445/191 255/440/191 253/442/191 249/446/191
f 256/439/192 252/447/192 250/448/192 254/441/192
o Cube.033_Cube.007
v -2.305248 4.701832 1.100678
v -2.287715 4.711469 1.299675
v -0.326844 4.928925 0.915362
v -0.309310 4.938562 1.114358
v -2.070365 2.717105 1.176100
v -2.052831 2.726742 1.375097
v -0.091960 2.944199 0.990784
v -0.074426 2.953836 1.189780
vt 0.375000 0.000000
vt 0.625000 0.000000
vt 0.625000 0.250000
vt 0.375000 0.250000
vt 0.625000 0.500000
vt 0.375000 0.500000
vt 0.625000 0.750000
vt 0.375000 0.750000
vt 0.625000 1.000000
vt 0.375000 1.000000
vt 0.125000 0.500000
vt 0.125000 0.750000
vt 0.875000 0.500000
vt 0.875000 0.750000
vn -0.1174 0.9924 -0.0377
vn 0.9892 0.1135 -0.0927
vn 0.1174 -0.9924 0.0377
vn -0.9892 -0.1135 0.0927
vn -0.0877 -0.0482 -0.9950
vn 0.0877 0.0482 0.9950
s off
f 257/449/193 258/450/193 260/451/193 259/452/193
f 259/452/194 260/451/194 264/453/194 263/454/194
f 263/454/195 264/453/195 262/455/195 261/456/195
f 261/456/196 262/455/196 258/457/196 257/458/196
f 259/459/197 263/454/197 261/456/197 257/460/197
f 264/453/198 260/461/198 258/462/198 262/455/198
o Cube.034_Cube.007
v 2.183022 -4.587962 0.724637
v 2.182793 -4.587976 0.524637
v 1.901302 -6.568021 0.725100
v 1.901073 -6.568035 0.525100
v 4.163080 -4.869681 0.722389
v 4.162851 -4.869696 0.522389
v 3.881360 -6.849741 0.722853
v 3.881131 -6.849755 0.522853
vt 0.375000 0.000000
vt 0.625000 0.000000
vt 0.625000 0.250000
vt 0.375000 0.250000
vt 0.625000 0.500000
vt 0.375000 0.500000
vt 0.625000 0.750000
vt 0.375000 0.750000
vt 0.625000 1.000000
vt 0.375000 1.000000
vt 0.125000 0.500000
vt 0.125000 0.750000
vt 0.875000 0.500000
vt 0.875000 0.750000
vn -0.9900 0.1409 0.0011
vn -0.1409 -0.9900 0.0002
vn 0.9900 -0.1409 -0.0011
vn 0.1409 0.9900 -0.0002
vn 0.0011 0.0001 1.0000
vn -0.0011 -0.0001 -1.0000
s off
f 265/463/199 266/464/199 268/465/199 267/466/199
f 267/466/200 268/465/200 272/467/200 271/468/200
f 271/468/201 272/467/201 270/469/201 269/470/201
f 269/470/202 270/469/202 266/471/202 265/472/202
f 267/473/203 271/468/203 269/470/203 265/474/203
f 272/467/204 268/475/204 266/476/204 270/469/204
o Cube.035_Cube.007
v 5.579710 2.770579 0.637368
v 5.617502 2.767652 0.833743
v 6.064237 0.834004 0.515257
v 6.102029 0.831077 0.711632
v 3.676447 2.271759 0.996213
v 3.714240 2.268832 1.192588
v 4.160975 0.335184 0.874102
v 4.198767 0.332257 1.070478
vt 0.375000 0.000000
vt 0.625000 0.000000
vt 0.625000 0.250000
vt 0.375000 0.250000
vt 0.625000 0.500000
vt 0.375000 0.500000
vt 0.625000 0.750000
vt 0.375000 0.750000
vt 0.625000 1.000000
vt 0.375000 1.000000
vt 0.125000 0.500000
vt 0.125000 0.750000
vt 0.875000 0.500000
vt 0.875000 0.750000
vn 0.9516 0.2494 -0.1794
vn 0.2423 -0.9683 -0.0611
vn -0.9516 -0.2494 0.1794
vn -0.2423 0.9683 0.0611
vn -0.1890 0.0146 -0.9819
vn 0.1890 -0.0146 0.9819
s off
f 273/477/205 274/478/205 276/479/205 275/480/205
f 275/480/206 276/479/206 280/481/206 279/482/206
f 279/482/207 280/481/207 278/483/207 277/484/207
f 277/484/208 278/483/208 274/485/208 273/486/208
f 275/487/209 279/482/209 277/484/209 273/488/209
f 280/481/210 276/489/210 274/490/210 278/483/210
o Cube.036_Cube.007
v -0.136546 -0.579843 0.741310
v -0.145992 -0.599806 0.940087
v -0.986660 -2.376655 0.520466
v -0.996105 -2.396618 0.719243
v -1.944414 0.275502 0.741307
v -1.953859 0.255539 0.940084
v -2.794528 -1.521311 0.520463
v -2.803973 -1.541273 0.719240
vt 0.375000 0.000000
vt 0.625000 0.000000
vt 0.625000 0.250000
vt 0.375000 0.250000
vt 0.625000 0.500000
vt 0.375000 0.500000
vt 0.625000 0.750000
vt 0.375000 0.750000
vt 0.625000 1.000000
vt 0.375000 1.000000
vt 0.125000 0.500000
vt 0.125000 0.750000
vt 0.875000 0.500000
vt 0.875000 0.750000
vn 0.9039 -0.4277 0.0000
vn -0.4251 -0.8984 -0.1104
vn -0.9039 0.4277 -0.0000
vn 0.4251 0.8984 0.1104
vn 0.0472 0.0998 -0.9939
vn -0.0472 -0.0998 0.9939
s off
f 281/491/211 282/492/211 284/493/211 283/494/211
f 283/494/212 284/493/212 288/495/212 287/496/212
f 287/496/213 288/495/213 286/497/213 285/498/213
f 285/498/214 286/497/214 282/499/214 281/500/214
f 283/501/215 287/496/215 285/498/215 281/502/215
f 288/495/216 284/503/216 282/504/216 286/497/216
o Cube.037_Cube.007
v 4.139354 -3.309406 0.703926
v 4.075006 -3.337273 0.516623
v 2.427013 -4.068476 1.405142
v 2.362665 -4.096344 1.217838
v 4.947943 -5.138655 0.698294
v 4.883595 -5.166523 0.510990
v 3.235602 -5.897725 1.399509
v 3.171254 -5.925593 1.212205
vt 0.375000 0.000000
vt 0.625000 0.000000
vt 0.625000 0.250000
vt 0.375000 0.250000
vt 0.625000 0.500000
vt 0.375000 0.500000
vt 0.625000 0.750000
vt 0.375000 0.750000
vt 0.625000 1.000000
vt 0.375000 1.000000
vt 0.125000 0.500000
vt 0.125000 0.750000
vt 0.875000 0.500000
vt 0.875000 0.750000
vn -0.4043 0.9146 0.0028
vn -0.8562 -0.3795 0.3506
vn 0.4043 -0.9146 -0.0028
vn 0.8562 0.3795 -0.3506
vn 0.3217 0.1393 0.9365
vn -0.3217 -0.1393 -0.9365
s off
f 289/505/217 290/506/217 292/507/217 291/508/217
f 291/508/218 292/507/218 296/509/218 295/510/218
f 295/510/219 296/509/219 294/511/219 293/512/219
f 293/512/220 294/511/220 290/513/220 289/514/220
f 291/515/221 295/510/221 293/512/221 289/516/221
f 296/509/222 292/517/222 290/518/222 294/511/222
o Cube.038_Cube.007
v -4.371103 3.612570 0.524851
v -4.371103 3.612570 0.724851
v -6.095041 2.598647 0.524851
v -6.095041 2.598647 0.724851
v -5.385026 5.336507 0.524851
v -5.385026 5.336507 0.724851
v -7.108964 4.322584 0.524852
v -7.108964 4.322584 0.724851
vt 0.375000 0.000000
vt 0.625000 0.000000
vt 0.625000 0.250000
vt 0.375000 0.250000
vt 0.625000 0.500000
vt 0.375000 0.500000
vt 0.625000 0.750000
vt 0.375000 0.750000
vt 0.625000 1.000000
vt 0.375000 1.000000
vt 0.125000 0.500000
vt 0.125000 0.750000
vt 0.875000 0.500000
vt 0.875000 0.750000
vn 0.5070 -0.8620 0.0000
vn -0.8620 -0.5070 0.0000
vn -0.5070 0.8620 0.0000
vn 0.8620 0.5070 0.0000
vn 0.0000 0.0000 -1.0000
vn -0.0000 -0.0000 1.0000
s off
f 297/519/223 298/520/223 300/521/223 299/522/223
f 299/522/224 300/521/224 304/523/224 303/524/224
f 303/524/225 304/523/225 302/525/225 301/526/225
f 301/526/226 302/525/226 298/527/226 297/528/226
f 299/529/227 303/524/227 301/526/227 297/530/227
f 304/523/228 300/531/228 298/532/228 302/525/228
o Cube.039_Cube.007
v -2.881042 3.347975 1.075654
v -2.913136 3.338707 1.272844
v -2.678328 1.359195 1.015169
v -2.710422 1.349926 1.212359
v -4.844688 3.157815 0.747121
v -4.876782 3.148546 0.944311
v -4.641974 1.169034 0.686636
v -4.674068 1.159766 0.883826
vt 0.375000 0.000000
vt 0.625000 0.000000
vt 0.625000 0.250000
vt 0.375000 0.250000
vt 0.625000 0.500000
vt 0.375000 0.500000
vt 0.625000 0.750000
vt 0.375000 0.750000
vt 0.625000 1.000000
vt 0.375000 1.000000
vt 0.125000 0.500000
vt 0.125000 0.750000
vt 0.875000 0.500000
vt 0.875000 0.750000
vn 0.9818 0.0951 0.1643
vn 0.1014 -0.9944 -0.0302
vn -0.9818 -0.0951 -0.1643
vn -0.1014 0.9944 0.0302
vn 0.1605 0.0463 -0.9860
vn -0.1605 -0.0463 0.9860
s off
f 305/533/229 306/534/229 308/535/229 307/536/229
f 307/536/230 308/535/230 312/537/230 311/538/230
f 311/538/231 312/537/231 310/539/231 309/540/231
f 309/540/232 310/539/232 306/541/232 305/542/232
f 307/543/233 311/538/233 309/540/233 305/544/233
f 312/537/234 308/545/234 306/546/234 310/539/234
o Cube.040_Cube.007
v 4.222515 -0.957707 1.268965
v 4.207379 -0.956702 1.069541
v 6.216212 -0.909240 1.117890
v 6.201076 -0.908236 0.918467
v 4.174947 1.041681 1.282645
v 4.159811 1.042686 1.083221
v 6.168643 1.090147 1.131570
v 6.153508 1.091152 0.932146
vt 0.375000 0.000000
vt 0.625000 0.000000
vt 0.625000 0.250000
vt 0.375000 0.250000
vt 0.625000 0.500000
vt 0.375000 0.500000
vt 0.625000 0.750000
vt 0.375000 0.750000
vt 0.625000 1.000000
vt 0.375000 1.000000
vt 0.125000 0.500000
vt 0.125000 0.750000
vt 0.875000 0.500000
vt 0.875000 0.750000
vn 0.0238 -0.9997 -0.0068
vn 0.9968 0.0242 -0.0755
vn -0.0238 0.9997 0.0068
vn -0.9968 -0.0242 0.0755
vn 0.0757 -0.0050 0.9971
vn -0.0757 0.0050 -0.9971
s off
f 313/547/235 314/548/235 316/549/235 315/550/235
f 315/550/236 316/549/236 320/551/236 319/552/236
f 319/552/237 320/551/237 318/553/237 317/554/237
f 317/554/238 318/553/238 314/555/238 313/556/238
f 315/557/239 319/552/239 317/554/239 313/558/239
f 320/551/240 316/559/240 314/560/240 318/553/240
